11111111111111110000000001111111
11111111111111111000000000111111
11111111111111111000000000111111
11110111111111111100000000011111
11101111111111111100000000001111
11001111111111111100000000001111
11011111110001111110000000000111
10011111110001111110000000000111
00111111110001111110000000000111
00111111110001111110000000000011
00111111111011111110000000000011
00111111111111111100000000000011
00111111111111111100000000000011
00111111111111111100000000000011
01111111111111111000000000000011
01111111111111110000000000000011
01111111111111100000000000000011
01111111111111100000000000000011
00111111111111000000000000000011
00111111111111000000000000000011
00111111111110000000000000000011
00111111111110000000000000000011
00111111111110000001110000000011
00111111111110000001110000000011
00011111111110000001110000000110
00011111111110000001100000000100
00001111111110000000000000001100
00001111111110000000000000001000
00000111111111000000000000010000
00000111111111000000000000000000
00000011111111100000000000000000
00000001111111110000000000000000
10000011111111111111100000111111
00000011111111111111110000111111
00000111111111111111110000011111
00001111111111111111110000001111
00001111111111000111111000001111
00011111111110000111111000000111
00011111111110000111111000000111
00111111111111000111111000000111
00111111111111001111111000000011
00111111111111111111110000000011
00111111111111111111110000000011
00111111111111111111100000000011
01111111111111111111100000000001
01111111111111111111000000000001
01111111111111111110000000000001
01111111111111111100000000000001
01111111111111000000000000000001
01111111111110000000000000000001
01111111111100000000000000000001
01111111111000000000000000000001
00111111110000000000000000000011
00111111110000000000000000000011
00111111110000000000000000000011
00111111100000000000000000000011
00011111100000011100000000000111
00011111100000011100000000000111
00011111100000011100000000000111
00001111100000011100000000001111
00001111100000000000000000011111
00000111100000000000000000011111
00000011110000000000000000111111
00000001110000000000000001111110
00000011111111111111111111111111
00000111111111111111111111111111
00000111111111111111111111111111
00001111111111111111111111101111
00011111111111111111111111100111
00011111111111111110011111100111
00011111111111111100001111110111
00111111111111111100001111110011
00111111111111111100001111110011
00111111111111111110001111110011
01111111111111111111111111100001
01111111111111111111111111100001
01111111111111111111111111100001
01111111111111111111111111000001
01111111110000111111111111000001
01111111000000011111111110000001
01111110000000000111111100000001
01111100000000000000100000000001
01111000000000000000000000000001
01111000000000000000000000000001
01111000000000000000000000000001
01110000000000000000000000000001
00110000000110000000000000000011
00110000001111000000000000000011
00110000001111000000000000000011
00010000001110000000000000000111
00010000000000000000000000000111
00000000000000000000000000001111
00001000000000000000000000001111
00000000000000000000000000011111
00000000000000000000000000011111
00000000000000000000000000111111
00000011111111111111111111001111
00000111111111111111111111101111
00001111111111111111111111111111
00001111111111111111111111110111
00011111111111111111111111111111
00011111111111111111111111111111
00111111111111111111111111111111
00111111111111111111111111111111
00111111111111111111111111111111
01111111111111111111110011111111
01111100000011111111100001111111
01111000000001111111100001111111
01110000000000111111100001111111
01100000000000011111100011111101
01100000000000011111111111111101
01000000000000001111111111111101
01000000000000001111111111111101
01000000000000000111111111111001
00000000110000000111111111111001
00000001111000000011111111110001
00000001111000000001111111100001
00000000110000000000011110000001
00000000000000000000000000000001
00000000000000000000000000000001
00000000000000000000000000000011
00000000000000000000000000000111
00000000000000000000000000000111
00000000000000000000000000000111
00010000000000000000000000001111
00000000000000000000000000001111
00001000000000000000000000011111
00001100000000000000000000111111
00000111111111111111111111100000
00000111111111111111111111100000
00001100000011111111111111110000
00000000000001111111111111111000
00000000000000111111111111111000
00000000000000011111111111111100
00000000000000011111111111111100
00000000000000001111111111111100
00000000000000001111111111111110
00000000000000001111111111111110
00000000110000001111111111111110
00000001111000000111111111111110
00000001111000000111111111111110
00000001110000000111111111111111
00000000100000001111111111111111
00000000000000001111111111111111
00000000000000001111111111111111
00000000000000001111110011111111
00000000000000001111100001111111
10000000000000001111100001111111
10000000000000001111100001111111
10000000000000001111110001111111
10000000000000001111111111111111
10000000000000001111111111111111
11000000000000001111111111111111
11000000000000000111111111111111
11100000000000000111111111111111
11100000000000000011111111111111
11100000000000000001111111101111
11110000000000000000011111001111
11111000000000000000000000011111
11111000000000000000000000011111
00111000000000000000111111100000
00110000000000000000011111110000
11110000000000000000011111110000
11100000000000000000011111111000
11100000000011100000011111111100
11000000000011100000011111111100
11000000000011100000011111111100
10000000000011100000011111111110
10000000000001000000011111111110
10000000000000000000011111111110
10000000000000000000011111111111
00000000000000000000111111111111
00000000000000000000111111111111
00000000000000000001111111111111
00000000000000000011111111111111
00000000000000000111111111111111
00000000000000011111111111111111
00000000000000111111111111111111
00000000000001111111111111111111
00000000000001111111111111111111
10000000000011111111111111111111
10000000000011111111111111111111
10000000000111111111111111111110
10000000000111111100111111111110
10000000000111111000011111111110
11000000000111111000011111111100
11000000000111111000011111111100
11100000000111111000111111111100
11100000000111111111111111111000
11110000000111111111111111110000
11110000000011111111111111110001
11111000000011111111111111100011
11111000000000000000000000000000
11110000000000000000000000010000
11100000000000000000000000001000
11100000000000000000000000001000
11000000000000000000000000001100
11000000000000000001100000001100
10000000000000000011110000001110
10000000000000000011110000001110
10000000000000000011100000001110
00000000000000000000000000001111
00000000000000000000000000001111
00000000000000000000000000001111
00000000000000000000000000011111
00000000000000000000000000011111
00000000000000000000000000111111
00000000011111100000000001111111
00000001111111110000000011111111
00000011111111111110011111111111
00000011111111111111111111111111
00000111111111111111111111111111
00000111111111111111111111111111
00000111111111111111111111111111
00001111111001111111111111111111
10001111110000111111111111111110
10001111110000111111111111111110
10001111110000111111111111111110
11001111110000111111111111111100
11001111111001111111111111111100
11101111111111111111111111111000
11100111111111111111111111111000
11110111111111111111111111110000
11110111111111111111111111110000
11110000000000000000000000001000
11110000000000000000000000001000
11100000000000000000000000000100
11000000000000000000000000000000
11000000000000000000000000000000
11000000000000000000000000000000
10000000000000000000000000000000
10000000000000000000000000000000
00000000000000000000000000000000
00000011110000000000000000000000
00001111111100000000001110000000
00011111111110000000001110000000
00111111111111000000011110000000
00111111111111100000001110000000
01111111111111100000001100000000
01111111111111110000000000000000
11111111111111110000000000000001
11111110001111110000000000000001
11111110001111111000000000000001
11111100000111111100000000000011
11111110000111111100000000000111
11111110001111111110000000001111
11111111011111111111100000011111
11111111111111111111111111111111
11111111111111111111111111111110
11111111111111111111111111111110
11111111111111111111111111111100
11111111111111111111111111111100
11111111111111111111111111111100
11011111111111111111111111111000
11001111111111111111111111110000
11101111111111111111111111110000
11110111111110000000000000001111
11111111111111000000000000000111
11111111111111100000000000000111
11111111111111110000000000000011
11111111111111110000000000000011
11111111111111110000000000000001
11111111111111111000000000000001
11111111101111111000000000000001
11111111000111111000000000000000
11111110000111111000000000000000
11111110000111111000000000000000
11111110000111111000000000000000
11111111000111111000000000000000
11111111111111111000000000000000
11111111111111111000000000000000
11111111111111110000000000000000
11111111111111110000000000000000
11111111111111100000000000000000
11111111111111100000000000000000
11111111111111100000001100000000
11111111111111100000011100000000
11111111111111100000011110000000
11111111111111100000011110000000
11111111111111100000011100000000
11111111111111100000000000000000
01111111111111100000000000000000
01111111111111100000000000000000
00111111111111110000000000000000
00111111111111110000000000000000
00011111111111111000000000000000
00011111111111111100000000000000
00001111111111111110000000000000